                         basic                         random                        random_glouton                SPT                           LPT                           SRPT                          LRPT                          EST_SPT                       EST_LPT                       EST_SRPT                      EST_LRPT                      descentSolver                 
instance size  best      runtime makespan ecart        runtime makespan ecart        runtime makespan ecart        runtime makespan ecart        runtime makespan ecart        runtime makespan ecart        runtime makespan ecart        runtime makespan ecart        runtime makespan ecart        runtime makespan ecart        runtime makespan ecart        runtime makespan ecart        
ft06     6x6     55            3       60   9,1            999       55   0,0              3       95  72,7              1      108  96,4              1      133 141,8              1      154 180,0              0       74  34,5              2       62  12,7              0       64  16,4              0       63  14,5              1       67  21,8             12       60   9,1        
ft10     10x10  930            0     1319  41,8            999     1209  30,0              2     1897 104,0              3     2569 176,2              2     2860 207,5              2     2657 185,7              2     1289  38,6              4     1412  51,8              2     1415  52,2              2     1790  92,5              3     1581  70,0             25     1116  20,0        
ft20     20x5  1165            0     1672  43,5            999     1529  31,2              2     2046  75,6              2     2765 137,3              2     2603 123,4              2     2986 156,3              2     1955  67,8              2     1723  47,9              2     1880  61,4              2     1891  62,3              3     1877  61,1             11     1604  37,7        
la01     10x5   666            0      858  28,8            999      701   5,3              0     1189  78,5              0     1464 119,8              0     1996 199,7              0     1964 194,9              0      845  26,9              0      882  32,4              1      861  29,3              0      929  39,5              1      944  41,7              0      858  28,8        
la02     10x5   655            0      904  38,0            999      729  11,3              0     1226  87,2              0     1943 196,6              0     1908 191,3              0     1776 171,1              0      982  49,9              1      859  31,1              0     1023  56,2              0     1038  58,5              1      932  42,3              1      769  17,4        
la03     10x5   597            0      775  29,8            999      673  12,7              0     1083  81,4              1     1053  76,4              0     1211 102,8              0     1660 178,1              1      797  33,5              0      994  66,5              0     1037  73,7              0      753  26,1              1      985  65,0              2      654   9,5        
la04     10x5   590            0      854  44,7            999      667  13,1              0     1188 101,4              1     1491 152,7              0     1687 185,9              0     1677 184,2              1     1000  69,5              0      809  37,1              1      895  51,7              0      994  68,5              1      952  61,4              0      835  41,5        
la05     10x5   593            0      629   6,1            999      593   0,0              0      949  60,0              0     1521 156,5              0     1597 169,3              0     1654 178,9              0      666  12,3              0      741  25,0              0      811  36,8              0      944  59,2              1      689  16,2              1      593   0,0        
la06     15x5   926            0     1015   9,6            999      943   1,8              1     1406  51,8              1     2372 156,2              0     2511 171,2              0     2788 201,1              1     1151  24,3              1     1471  58,9              1     1474  59,2              0     1347  45,5              1     1085  17,2              2      926   0,0        
la07     15x5   890            0     1096  23,1            999      986  10,8              1     1746  96,2              1     1823 104,8              0     2456 176,0              1     2685 201,7              1     1108  24,5              0     1154  29,7              0     1549  74,0              1     1098  23,4              1     1162  30,6              2     1014  13,9        
la08     15x5   863            0     1102  27,7            999      944   9,4              1     1524  76,6              1     2309 167,6              0     2348 172,1              0     3235 274,9              1     1196  38,6              0     1261  46,1              0     1157  34,1              1     1261  46,1              0     1149  33,1              1      932   8,0        
la09     15x5   951            0     1024   7,7            999      964   1,4              1     1530  60,9              1     2638 177,4              1     2332 145,2              1     3210 237,5              1     1233  29,7              1     1010   6,2              1     1354  42,4              0     1396  46,8              1     1091  14,7              1      960   0,9        
la10     15x5   958            0      958   0,0            999      958   0,0              1     1447  51,0              1     2149 124,3              0     2255 135,4              0     3193 233,3              1     1224  27,8              0     1105  15,3              1     1144  19,4              1      982   2,5              1     1015   5,9              1      958   0,0        
la11     20x5  1222            0     1297   6,1            999     1285   5,2              1     1889  54,6              1     3091 152,9              1     3262 166,9              1     3887 218,1              1     1483  21,4              2     1563  27,9              1     1564  28,0              1     1520  24,4              1     1328   8,7              5     1222   0,0        
la12     20x5  1039            0     1205  16,0            999     1096   5,5              1     1541  48,3              1     2359 127,0              1     2722 162,0              1     3101 198,5              1     1276  22,8              1     1236  19,0              1     1333  28,3              1     1208  16,3              1     1234  18,8              3     1096   5,5        
la13     20x5  1150            0     1154   0,3            999     1182   2,8              1     1982  72,3              1     2691 134,0              1     3057 165,8              1     3780 228,7              1     1371  19,2              1     1441  25,3              1     1371  19,2              1     1261   9,7              1     1359  18,2              1     1150   0,0        
la14     20x5  1292            0     1292   0,0            999     1292   0,0              1     1998  54,6              1     3264 152,6              2     3189 146,8              1     4391 239,9              1     1362   5,4              1     1292   0,0              1     1396   8,0              1     1292   0,0              1     1292   0,0              1     1292   0,0        
la15     20x5  1207            0     1586  31,4            999     1390  15,2              2     1964  62,7              2     3179 163,4              2     3086 155,7              2     3997 231,2              2     1511  25,2              2     1555  28,8              2     1814  50,3              2     1673  38,6              1     1681  39,3              4     1415  17,2        
la16     10x10  945            0     1327  40,4            999     1099  16,3              1     1806  91,1              1     3492 269,5              1     3050 222,8              1     3875 310,1              1     1443  52,7              1     1468  55,3              1     1244  31,6              2     1474  56,0              2     1249  32,2              4     1095  15,9        
la17     10x10  784            0      912  16,3            999      928  18,4              1     1424  81,6              1     3153 302,2              1     3033 286,9              1     3776 381,6              1     1135  44,8              1     1078  37,5              1     1256  60,2              1     1101  40,4              1     1199  52,9              3      848   8,2        
la18     10x10  848            0     1024  20,8            999     1012  19,3              1     1389  63,8              1     2788 228,8              1     3491 311,7              1     4103 383,8              1     1130  33,3              1     1123  32,4              1     1198  41,3              1     1303  53,7              1     1121  32,2              4      938  10,6        
la19     10x10  842            0     1058  25,7            999      972  15,4              1     1692 101,0              1     3613 329,1              1     3056 262,9              1     4087 385,4              1     1146  36,1              1     1135  34,8              1     1167  38,6              1     1151  36,7              1     1210  43,7              8      980  16,4        
la20     10x10  902            0     1259  39,6            999     1080  19,7              1     1627  80,4              1     3029 235,8              1     3242 259,4              1     3881 330,3              1     1404  55,7              1     1281  42,0              3     1353  50,0              3     1307  44,9              3     1176  30,4              8     1095  21,4        
la21     15x10 1046            0     1555  48,7            999     1387  32,6              3     2079  98,8              3     4968 375,0              4     5595 434,9              3     5733 448,1              4     1494  42,8              3     1616  54,5              3     1553  48,5              4     1461  39,7              3     1518  45,1             31     1235  18,1        
la22     15x10  927            0     1360  46,7            999     1273  37,3              3     1838  98,3              4     4106 342,9              4     4292 363,0              4     5525 496,0              3     1428  54,0              3     1560  68,3              3     1706  84,0              3     1426  53,8              3     1340  44,6              8     1268  36,8        
la23     15x10 1032            0     1436  39,1            999     1369  32,7              3     2144 107,8              3     4189 305,9              4     5006 385,1              3     6426 522,7              3     1576  52,7              3     1268  22,9              3     1387  34,4              3     1357  31,5              3     1477  43,1             19     1179  14,2        
la24     15x10  935            0     1245  33,2            999     1264  35,2              3     1749  87,1              3     4277 357,4              4     4408 371,4              3     6510 596,3              3     1766  88,9              3     1404  50,2              3     1419  51,8              3     1428  52,7              3     1413  51,1             14     1168  24,9        
la25     15x10  977            0     1440  47,4            999     1319  35,0              3     2169 122,0              5     4394 349,7              5     5331 445,6              3     6104 524,8              3     1485  52,0              3     1685  72,5              3     1529  56,5              3     1357  38,9              3     1471  50,6             32     1187  21,5        
la26     20x10 1218            0     1759  44,4            999     1700  39,6              7     2408  97,7              8     6765 455,4              8     5103 319,0              7     8303 581,7              7     1792  47,1              8     1864  53,0              7     2027  66,4              8     1995  63,8              7     1843  51,3             36     1488  22,2        
la27     20x10 1235            0     1791  45,0            999     1759  42,4              7     2854 131,1              7     6818 452,1              8     5939 380,9              8     8293 571,5              8     1918  55,3              7     1831  48,3              8     1883  52,5              7     2286  85,1              7     1853  50,0             74     1509  22,2        
la28     20x10 1216            0     1642  35,0            999     1718  41,3              6     2506 106,1              7     6224 411,8              7     5508 353,0              8     8224 576,3              7     2058  69,2              7     2004  64,8              7     1836  51,0              8     1884  54,9              7     1652  35,9             48     1407  15,7        
la29     20x10 1152            0     1686  46,4            999     1705  48,0              6     2243  94,7              7     5022 335,9              8     5621 387,9              9     8318 622,0              7     1674  45,3              8     1828  58,7              7     2058  78,6              8     2072  79,9              9     1891  64,1             36     1454  26,2        
la30     20x10 1355            0     1774  30,9            999     1805  33,2              7     2887 113,1              8     5409 299,2             11     5353 295,1              8     7653 464,8              7     1944  43,5             10     2327  71,7              7     2386  76,1              8     2306  70,2             11     2066  52,5             24     1652  21,9        
la31     30x10 1784            0     2215  24,2            999     2336  30,9             22     3161  77,2             26     8469 374,7             25     9248 418,4             27    12075 576,8             25     2328  30,5             25     2857  60,1             25     2440  36,8             26     2577  44,5             25     2649  48,5             28     2103  17,9        
la32     30x10 1850            1     2421  30,9            999     2467  33,4             24     3705 100,3             25     8296 348,4             26     9510 414,1             25    12743 588,8             25     2601  40,6             25     3107  67,9             25     3203  73,1             23     2957  59,8             27     2916  57,6            121     2087  12,8        
la33     30x10 1719            0     2139  24,4            999     2141  24,5             23     3468 101,7             25     7124 314,4             25     9861 473,6             25    11702 580,7             25     2600  51,3             25     3217  87,1             27     3474 102,1             26     2576  49,9             28     2442  42,1             72     1992  15,9        
la34     30x10 1721            0     2284  32,7            999     2320  34,8             22     3129  81,8             24     8384 387,2             25     9237 436,7             25    10920 534,5             25     2381  38,3             24     2849  65,5             25     2888  67,8             23     2958  71,9             24     2528  46,9            119     1982  15,2        
la35     30x10 1888            0     2498  32,3            999     2535  34,3             23     3622  91,8             24     7277 285,4             25     8846 368,5             24    11765 523,1             24     2555  35,3             25     2930  55,2             24     2647  40,2             24     2891  53,1             23     2782  47,4             96     2260  19,7        
la36     15x15 1268            0     1677  32,3            999     1775  40,0              9     2704 113,2             12     7510 492,3             11     6465 409,9             10     8929 604,2             11     1981  56,2             11     2150  69,6              9     2039  60,8              9     1944  53,3             10     2120  67,2             42     1570  23,8        
la37     15x15 1397            0     2098  50,2            999     1972  41,2             12     2562  83,4             12     7849 461,8             10     6675 377,8             11    10599 658,7             11     2087  49,4              9     1939  38,8             10     2022  44,7              9     2054  47,0              9     2126  52,2             91     1772  26,8        
la38     15x15 1196            0     1766  47,7            999     1743  45,7              9     2457 105,4             11     6455 439,7             11     5801 385,0             10     8912 645,2             10     1860  55,5              9     1919  60,5             10     2001  67,3             10     2030  69,7              9     1844  54,2            125     1427  19,3        
la39     15x15 1233            0     1794  45,5            999     1757  42,5              9     2699 118,9             10     6195 402,4             10     6021 388,3             10     8844 617,3             10     1778  44,2             10     1808  46,6             10     2003  62,4             10     1838  49,1             10     1889  53,2            101     1496  21,3        
la40     15x15 1222            0     1728  41,4            999     1773  45,1             10     2526 106,7             12     6098 399,0             11     7428 507,9             11     9061 641,5             11     1953  59,8              9     1838  50,4             11     1885  54,3             11     1778  45,5              9     1661  35,9            120     1455  19,1        
AVG      -        -          0,1        -  29,9          999,0        -  23,1            5,4        -  87,1            6,0        - 268,1            6,0        - 283,2            5,9        - 392,1            5,8        -  42,0            5,8        -  44,9            5,8        -  50,5            5,7        -  47,0            6,0        -  40,7           31,1        -  16,2        